MutationType	DT40_5-fluorouracil_Genome_Gallus-gallus_1	DT40_5-fluorouracil_Genome_Gallus-gallus_2	DT40_5-fluorouracil_Genome_Gallus-gallus_3	DT40_Cisplatin_Genome_Gallus-gallus_1	DT40_Cisplatin_Genome_Gallus-gallus_2	DT40_Cisplatin_Genome_Gallus-gallus_3	DT40_Cyclophosphamide_Genome_Gallus-gallus_1	DT40_Cyclophosphamide_Genome_Gallus-gallus_2	DT40_Cyclophosphamide_Genome_Gallus-gallus_3	DT40_Doxorubicin_Genome_Gallus-gallus_1	DT40_Doxorubicin_Genome_Gallus-gallus_2	DT40_Doxorubicin_Genome_Gallus-gallus_3	DT40_Etoposide_Genome_Gallus-gallus_1	DT40_Etoposide_Genome_Gallus-gallus_2	DT40_Etoposide_Genome_Gallus-gallus_3	DT40_Gemcitabine_Genome_Gallus-gallus_1	DT40_Gemcitabine_Genome_Gallus-gallus_2	DT40_Gemcitabine_Genome_Gallus-gallus_3	DT40_Hydroxyurea_Genome_Gallus-gallus_1	DT40_Hydroxyurea_Genome_Gallus-gallus_2	DT40_Hydroxyurea_Genome_Gallus-gallus_3	DT40_Paclitaxel_Genome_Gallus-gallus_1	DT40_Paclitaxel_Genome_Gallus-gallus_2
A[C>A]A	1.27888107276573	0.425931573658587	0.126373885584964	2.32206949454181	0.129357542063146	9.13552429750946	0.731445529419172	0.285388241238422	0.793219403277328	0.161839720314443	0.161031864886092	4.12090245562372	0.809965252654355	0.288400384031981	0.569831203131261	0.111965391819322	0.283800209535858	1.22386095643753	0.345332491068117	0.989739931831794	0.401807866627221	0.167685146480293	0.132732377151761
A[C>A]C	1.52325506755983	0.135716828619764	0.129178946251054	81.3091363199297	100.129827511859	103.782559543123	1.60985118093399	0.507804690691033	0.694785870748237	1.28586164678875	0.158167661769479	1.19593373243198	1.5912995762788	1.18205126464008	0.179963458778933	0.147901481578543	4.13181366711254	1.18569342438525	0.153627410751194	1.52225500674829	0.157867199289189	1.46960842713733	0.141666883769067
A[C>A]G	0.173918892756463	0.576562380387802	0.131083414935802	0.260118763745514	0.0291842585571777	0.0354318009571631	0.065305857811491	0.0596776611377095	0.0637968129969139	0.142861146430353	0.149407766378823	0.119195507332625	0.168686528415128	0.401119319121261	0.202177998231568	0.115600410987381	0.182940255878148	0.12483632588143	0.132218668870217	0.157821429025293	0.1374823490834	0.153805433194685	0.12107966160704
A[C>A]T	0.277765945219803	0.11668825475311	0.107329964734588	17.5884821036057	21.034736745759	20.7792475701833	0.142774105550875	6.17039536708491	0.363227200237676	0.251712185281189	0.157318071100136	0.257253594531613	0.240266110725377	0.183733784739156	0.267067939627523	0.124090818483212	0.217970790468161	0.126322200255254	0.151436582165926	0.22970019201346	0.131492914529532	0.152998255181587	0.12465740384325
A[C>G]A	0.632907877384173	0.764163227897743	0.113940084622137	0.147303628059837	2.5696234916717	1.20864800260826	0.0563674368574513	0.803143125238539	0.190030956331654	0.141344985728206	0.440426433743687	0.853882481705451	1.38056360877607	0.308642202182192	0.724201149521596	1.45270572951611	0.774529405045689	0.885912337516041	0.263244067014273	0.224731023650127	0.162332624577782	0.162058495323014	0.129424675463931
A[C>G]C	0.42620653474681	0.132258769200031	0.117281554258842	1.36270323114875	0.48751757278339	0.183533609883803	0.0658476569296206	0.315655064029853	0.0655959278117782	0.449904508015903	0.354069651437404	0.128741409851116	0.137849768278094	0.126022685697533	0.179644759595379	0.129497911803123	0.317459458596663	0.134465273457617	0.724031491054472	0.203258558661765	0.155882252582156	0.158872838142372	0.482489389475712
A[C>G]G	0.158413067936261	0.137181715362524	0.11793965865975	0.0455462345940019	0.0408371758791278	0.0404545946121209	0.0634444233898885	0.0493296584049127	0.0818796591327233	0.113931348519957	0.146602002365346	0.121276700969561	0.146167785561684	0.126777402857031	1.87564971390743	0.1224659501328	0.16942541673712	0.143605556438937	0.194007046469246	0.176444696077884	0.165101254840717	0.171917265540444	0.133297704273588
A[C>G]T	0.466392922327789	0.365845262377003	0.127860905978145	1.39699440828033	4.72653732876139	0.1837786503927	0.255499811592479	0.271265886577681	0.286071032089337	0.137637181248014	0.132852185399879	0.470981134142343	0.184957931954361	0.737316816120867	0.330997941424002	0.111594483047107	0.338589126441026	1.28334696702279	0.130395816136725	0.143556586987126	0.777035840016231	0.189697329540794	1.34725301300397
A[C>T]A	0.178574620577981	0.165368386340776	0.269418900218323	0.109304434374141	2.51609957192145	0.105879489527604	0.12383012786356	4.66266272672185	3.02844893849609	0.310112690211421	0.172617328956797	0.13197714496917	0.241204566697441	0.186297527259822	0.249702447950729	0.124724829485893	0.41592527457048	0.230473595527753	0.315308744414255	0.244658984357103	0.22432519549683	0.337922650144964	0.125197246281868
A[C>T]C	0.141466919940959	0.638767380267665	0.122823861956214	0.242863744100992	2.23208704688353	6.99588486849431	8.16836922313481	4.39505942461736	7.37960412021523	0.138109551527255	0.409220771464137	0.114339433206802	1.70203934055997	0.118795507161948	2.35191111167673	0.111959762363717	0.144101054997419	0.126344921877567	0.449152372932195	0.170251103393718	0.428524190099181	0.139817489699119	2.03456256102736
A[C>T]G	0.235823135521051	0.367548599411696	0.204909383941095	0.108152760726852	0.17462314586579	0.0865123656216537	0.44912291636125	0.058314729909109	0.134331181542153	0.121204441994008	0.164599783655986	0.273725597971867	0.430449404999479	0.269044422845869	0.895406742462555	0.101380447570903	0.260556001028171	0.215551878511958	0.232649619955939	0.424222172743038	0.214983394591345	2.5726031664385	0.209640794598916
A[C>T]T	0.33466644598023	0.832055379692337	0.306036854258307	0.0470700620653032	0.386440453851156	1.92413746924959	13.4528658428703	0.257840218432016	2.85564789171481	0.320792006718138	0.138459633570858	0.11956551284215	0.166494006166465	0.250976308369466	0.473650355516162	0.140561355768455	0.178612694527787	0.930670388182422	0.148869244265074	0.1644728945367	0.31897993483458	0.186689508257939	0.127966641094509
A[T>A]A	0.647509024862814	0.136912736371292	0.129087351318532	2.54601225616633	2.30645659140059	4.17939657272803	1.09716965519066	4.58802534465501	0.408126315204569	0.138826309320007	0.169524355339471	0.66972669740464	0.54440366330695	0.112039910250002	0.445734964846848	0.125466577484784	0.149681114151353	0.128845632549681	0.173847537769589	0.354955160204641	1.74492187546773	0.153168610635275	0.117644347009388
A[T>A]C	2.14203493059485	0.152735891981624	0.104448477328485	26.9861450585553	50.6525429139378	38.8129885596123	0.0619694088166882	3.15524001703318	2.47194779907867	0.111421847050175	0.138223174543766	0.651663150583924	0.168636809212737	1.49571590899558	0.186439078993779	0.1060299429232	0.194319091374876	0.135411876461526	0.461675266972981	0.328661259651632	4.29410718363535	0.614195054450474	0.517016127425912
A[T>A]G	1.54124523992516	0.140539861445451	0.103424851625043	1.14462847651073	2.48572882151121	2.43045759044561	2.7752939186297	6.31151174083635	3.00424878836248	0.167587000004305	1.37903372482354	0.140504680158472	0.143035293160191	0.137323513053905	0.200542668164675	1.08001413168244	0.181527280331222	0.146852469581338	0.126432815519959	0.161345142442908	0.144508615118887	1.46875781281703	1.33570237738632
A[T>A]T	0.27183935264635	0.130887856952069	0.132687074655517	0.549579751040173	1.89627143342644	1.3199311105885	7.64652381721497	14.7806608982829	0.89771816776279	0.152127605338695	0.145296906966931	0.144067449525461	0.180781328545779	0.355840095283129	0.178904923313709	0.108645438024064	0.306760012370555	0.124094867786332	0.321924268277526	0.25079478037919	0.302895331516958	1.03443258833291	1.35907386328574
A[T>C]A	0.16932176744694	0.27288032223163	0.303192829770026	0.293129067044219	0.511918600038848	0.411057035500401	0.276561213846811	0.0517026142927766	0.180263058384158	0.120748033747892	0.237275970980584	0.156811493667012	0.247204528893034	0.707193232070597	0.210061030816774	0.109027759547643	0.526968623522514	0.107126602995825	0.198963827863747	0.434089511098963	0.398012372113466	0.816304159004325	0.471058100838167
A[T>C]C	1.51458268342655	1.51358211246891	1.05769085485771	2.6715018001138	1.64574879583748	2.49428403518257	2.63881677974961	0.519806093819299	1.71789626813506	3.50302267634305	0.148405859389982	0.135797194467699	3.97700404249132	3.01133332220707	1.86072637252041	0.126124196159031	4.13068352191421	0.123188414684202	6.17457441164863	1.71511499191529	1.45626963336291	1.61118972830395	1.20505150565237
A[T>C]G	0.168876598811127	1.25823405669263	0.496961575259888	0.588365640671718	0.15330115453157	0.0381881662656482	0.225969274869811	1.03634956336097	4.89820357959841	1.67917159062213	0.393517868362748	0.158573467013469	0.77769935804482	0.81970014174035	0.570294317542458	0.0985424061824612	0.628734449677492	3.06286748078266	3.77797288831297	1.1408541847103	0.151655949514451	1.19338135368116	3.70883172231752
A[T>C]T	0.745079093268452	0.73022705361534	0.11165945504508	0.403688309563453	0.134399038979932	1.06739749742472	0.162262854796533	2.76989412055534	1.51479334742943	0.349159719851591	0.289204337082667	0.107824838593947	0.564540814136006	14.0330814629404	0.411849957234932	0.107665836800888	1.60711380524469	0.93516527792553	0.507120194703292	0.242632819678688	0.349743954132125	0.370397891704728	0.10896863457665
A[T>G]A	0.158783187894934	0.929808368400086	0.112414784116761	0.128160005061709	0.394847916962707	0.442350038581792	0.165256168765272	0.269327032513392	0.0630219256580271	0.123557166267354	0.276835860863358	0.127403648000506	0.16370117779207	0.112232857903527	0.195994432040563	0.368790839085463	0.192946217149774	0.10774824062849	0.136398144492772	0.228299452113713	0.133074086970545	0.130536205576895	0.126020580499411
A[T>G]C	0.180955583083663	0.150697037046513	0.120182886201319	0.167799556549618	0.149434703601673	0.183017037409364	0.748713676656733	0.281896094076004	0.0664160143742204	0.118263478051097	0.178475525233516	0.461022795103525	0.163490757399836	0.11099938588081	0.19118640594113	0.555621134746618	0.193338174211466	0.127931073911428	0.318272367558149	0.126539011913667	0.143300447047517	0.184400550399192	0.440576572522537
A[T>G]G	0.192841485844449	0.123177134854176	0.114050551595488	2.42278471443814	2.16895274093204	4.00138795566966	0.0572333918115322	0.417883103438985	1.29043975366293	0.509923963774098	0.155017405258875	2.35628851326406	0.194083036058868	0.467929839151367	0.206299183006248	0.106377563999163	0.472552742595751	0.136131529567874	0.145873753652992	0.35686571917304	0.163905463717666	0.157828794859122	0.11439246747437
A[T>G]T	0.151619988556731	0.465433411306364	0.122814624126419	0.596408687952348	0.0522315398912447	0.0400016182600935	0.682740579710075	0.051769451689714	0.283313197013945	0.445734149369322	0.127020147000577	0.1192664139018	0.361862123263009	0.119310729098786	0.58406909593689	0.0958836489456858	1.31968004713147	0.393251430750232	0.148615274193666	0.297354703769637	0.329988752075018	0.158175894025159	0.132261937444963
C[C>A]A	0.546138058775039	0.647957336624413	0.792629149476643	7.75963980051059	16.3830233269834	23.2187307231773	0.0623869214293426	0.365697545397383	1.16665748975394	0.148418083180178	1.71494351286496	0.144882918094605	0.652702775831652	0.125698588455789	3.19693731520079	0.0894089824685071	0.447352122332292	0.622643370099351	0.149338252520144	0.192060939667574	0.149972523338874	0.501248667956905	4.20107538939715
C[C>A]C	0.162276452102695	0.543599447566855	1.93494309602917	56.3025493573863	53.5908446913271	59.5582509454907	0.262418345900826	0.345061195869932	0.0729081811723675	0.122061592710121	0.111325764548438	0.121853676512181	0.161089840127078	0.128760325570259	0.17884683291909	0.126356769095918	0.169246093357599	0.120705675185689	0.408127254025285	0.191289553234272	0.123986682221042	0.525602685531265	0.100882740044511
C[C>A]G	0.164559117178297	0.132072872540846	0.113092930456896	0.0399403943593881	0.385454583697687	0.380079864308834	0.0565449828175818	0.485319736873442	0.0654774988642117	0.142877142079194	0.159168240594951	0.12997972023853	0.178963198911296	1.2806645444734	0.201935892634409	0.114529192093332	0.164924475831096	0.139292750900455	0.172072012723794	0.177809004445677	0.153226593026435	0.169730465563739	0.119541102973585
C[C>A]T	0.186673052827211	0.498374710311805	0.111903820255377	8.19700825848359	16.2002090512846	23.0540313512863	1.0766973360925	2.11520855655878	0.0695229538952005	0.650711712568742	0.150324356649266	0.130081786571491	0.513144618371403	0.430345318748265	0.198352304266147	0.126078768788783	0.162108049228426	0.609224425493723	1.36835467463864	0.190346537035717	0.552801094916607	0.541111530551569	0.493313975367251
C[C>G]A	1.63565570251432	0.146956378775162	0.103222921623546	1.876354699911	1.74095456942345	2.42972179379351	0.0686656232783027	0.0498266938776904	0.676135979461912	0.138791314354988	0.154854787016625	1.27654735234199	0.157693042245129	1.19192105089542	0.207532592462586	0.11900327386913	0.213143400705923	0.128349984006177	6.42817700351024	1.50701010711591	0.137928235268824	0.147884680176135	3.0161502624857
C[C>G]C	0.172194936104101	1.4041198480058	0.103299553000797	0.349696941874196	0.986148491584092	2.44661780844026	0.0477686770972766	0.062682920159698	0.0714572626112742	0.138249000376171	0.13719288759936	0.12736533226176	0.177338259981604	0.0949595887169956	0.186361916624782	0.128526760545224	0.198992500428529	0.118424521377406	0.161716808785409	0.172893983379299	1.20838267530598	0.171572889433247	1.19088335702628
C[C>G]G	0.15587154335188	0.143967407541447	0.135476152079361	0.0439939991998771	0.98021818754848	0.0314107402683239	0.0496946595493076	0.0586088247212914	0.0556593446716684	0.135266918317299	0.126980610800919	0.155885593840362	0.159964558023603	1.12205936811325	0.198975378478145	0.11239129728071	0.170245611755816	0.105658493299539	0.156714721754794	0.190696234510635	0.149218852315536	0.175068452887519	0.12873957477772
C[C>G]T	0.595844684292845	0.156716316021718	0.562318676271947	0.0418316053143116	1.52335362366425	2.30966801299073	0.0597983537127554	0.0531152478219369	0.0762198190599866	0.142111250636326	0.491581264635158	0.702860331609833	0.180319410391734	0.151696325159278	0.516454248311355	0.110855277102766	0.201027473640713	0.131104243802174	0.125282400588253	0.163646309381391	0.144055642700004	0.146131170287012	4.44985408675379
C[C>T]A	0.653660176082386	0.148947984770229	0.105839928020165	0.302774639272795	2.25239418765992	5.08371056174606	2.08449667360251	4.40818451358845	1.29617107777556	0.133602578184236	0.140416786869359	0.126378870528778	0.526917995000919	0.418118839977123	1.03503068069105	0.11097788083854	0.447425866505991	0.119232798331746	0.515155058931277	0.164327711127683	0.530162245043739	4.26476686278176	0.683309167850257
C[C>T]C	0.316953350733587	0.14004425054251	0.118058959804457	1.66785636538145	2.13798599238966	5.57086644304094	9.6835985835164	12.397951556159	7.57295299530913	0.349484448508231	0.24425076149335	0.124614747061423	0.164498302717501	0.127984681701054	0.263301726770914	0.105746994012726	0.234904609256966	0.116785816948646	0.720702210600806	0.209267731950596	0.274764879249751	0.163503198096919	0.105380537069988
C[C>T]G	0.906340760149485	0.142513281745775	0.124706909704232	0.136569602322726	0.0940446079510755	0.536962530097085	0.509688827641889	0.832076287887748	1.53117045994381	0.168533542639016	0.146487279011759	0.421969888152098	2.99589587617866	0.500667928546282	0.355093354550048	0.437994807981075	0.409196340107348	0.371815071432905	0.127147879503369	0.270772194520886	0.272714296662587	0.163516571307123	0.263978818869009
C[C>T]T	0.354493735677264	0.125117832026596	0.438836951781931	0.571882177580347	1.19314534652184	8.8695104370073	9.79827382564298	0.26718982342715	5.13611684932468	0.122931709164406	0.167046506353521	0.127575918413224	0.359829088847597	0.132851737021671	0.343299824270159	0.127874137101514	0.271652082472243	0.138080433927193	0.346410529873035	0.279118971559821	0.122204234829227	0.393229048822101	0.136449924329654
C[T>A]A	0.17045848650017	0.384417696558391	0.510383527776138	10.0317675456495	17.0535577285244	19.7441353212858	0.512538180910198	4.26802957010405	4.84883973222373	0.430725896518011	0.131053063273494	0.139210214260975	0.142214654783756	0.116106585357996	0.209680780521076	0.104903423172089	0.160571587545457	0.126292374333467	0.182458429333738	0.268846977100902	0.144200846012407	0.135046370655191	0.131040482868064
C[T>A]C	0.134306775785324	0.143296067605235	0.6358468455103	6.4450877362543	12.7205956172429	12.34795683061	2.21713448631019	13.3230545172831	3.99125638694391	0.618798542972775	0.134753784032542	0.141935968450423	0.169631550962812	5.92851526875778	0.193669248045897	0.706233519549575	0.172921798384559	0.624927013044373	0.492220168076297	0.406572978644286	0.147297645212586	0.156805341073246	0.133089318040696
C[T>A]G	0.3489075131838	0.131695452214951	0.140106831034509	8.19685328697724	24.3054362302999	14.6296505996655	12.3245532225094	15.9960058146723	12.3289576668471	0.161454569081815	0.154388479206489	0.11939843033506	1.34110651822109	0.108205091462927	0.180864032209811	0.145256498800703	0.224217946991383	0.128522992522003	0.162387881725406	0.178570400486902	0.156736913994959	0.188509990212045	0.109383678308606
C[T>A]T	0.166877071230995	0.351996350196288	0.122230494342073	12.1254040300489	7.81995101779476	14.4836688119274	29.1818725896141	59.4121433865106	24.1646695760297	0.139941978066089	0.259630375321991	0.128526021422711	0.295054330650742	4.86665336750396	0.230759799677002	0.122568600795862	0.267469616736365	0.317062228722764	0.135913117650993	0.180471994396286	0.158065167811237	0.317073302923358	2.27859018788203
C[T>C]A	0.696273560732818	0.604643547042163	0.111950852115193	0.0400604473283087	4.14529378647556	0.280846234423848	1.04522822400465	0.0456717947428512	0.375632029263499	0.129584969134881	0.172803435289606	0.118550971305527	0.152426813732036	0.444617206607049	1.29638133844924	0.125537601318645	0.17684712993559	0.125518584949625	0.144084430993784	0.156398128305235	0.14656339622431	0.543283294374978	1.83115009518658
C[T>C]C	0.14605831374791	0.137511913165824	0.351541228917193	0.486398649556872	1.6293930977921	5.58929107302014	0.0748441464420725	0.743968695942948	0.691147895636239	0.131497676215095	0.133924108755271	0.148908995523084	0.348015320587638	0.111219562256327	0.460437725200551	0.439009973490069	0.186413405867989	0.116991539734079	0.182035599130977	0.237605684831252	1.58069215394178	0.169996846012046	1.06483613210069
C[T>C]G	0.391242905291032	3.14410801586876	0.112244594559531	0.614104729537407	8.82915484323674	3.96427279695933	0.0653418935474679	0.278700331848595	1.87738846205363	1.26698618025085	0.761939938291478	0.123961204779107	0.166035965955408	0.244494565244846	0.349665642804025	0.117837711440457	0.170159349528067	0.109349852851876	1.5814740159371	0.338846241790343	0.318356737168639	0.126196513629974	1.32163410298773
C[T>C]T	1.13377943495259	2.63839422106199	0.129641892259839	2.27015817675921	2.91302746509267	8.07788316787838	2.88040161709212	3.14167250002449	3.39604279090029	1.35087675000135	0.147313765627532	0.101474102498609	4.74571906643396	2.3154353281808	1.44592271742815	0.54389069857028	0.303848209625792	0.108700552289121	0.624214760533491	0.291932152035456	0.389289697713106	0.463372754367749	0.446460478298904
C[T>G]A	0.178761007690068	0.140393158228886	0.100474715836839	0.402107484130857	4.23963920980274	2.41977315768557	2.74061910628941	4.66123648326915	0.665011502748698	0.135419347774605	0.120500395571966	0.139109092998929	1.65101560644211	0.129433840124358	1.76000063894209	0.103244633572011	0.166839112543586	0.130256507792983	0.145727738702565	0.176100858488721	0.134575285900259	0.197582036693212	1.10213620289918
C[T>G]C	0.151519199451193	0.138616578302994	0.106814047022267	0.411320054141912	0.379301063026005	1.00374007095379	0.0580754771709539	0.0507666080368648	1.82437708142581	0.129075263187654	0.147628449468447	0.142084596088621	1.33603382595513	0.116363448830069	0.189942894364388	0.114274583743261	0.189959505324815	0.124158042377507	0.195680479559387	0.13394092789756	0.144565866122449	0.154806940095733	0.132761902316004
C[T>G]G	0.150496601120926	0.163714198164241	0.123510906226551	5.62975427703516	12.5086947637002	9.41093671611849	1.04340521093767	0.0497927872956768	2.62882021093922	0.138511051329906	0.145575467657219	0.128948556939302	0.163028728045846	1.48315486651019	0.169049871860064	0.604622866299134	0.459017121586276	1.83250251611381	0.140994700663814	0.331455223224117	1.75281572791359	0.586009633166353	0.687906265803729
C[T>G]T	0.15096866476061	0.569353897504831	0.114988469871163	3.30489558998711	0.213465573294119	0.256284270084747	1.94988770859751	8.817343690668	5.52322973131215	2.13305465146991	0.163579881543445	0.674619403464454	0.15469752819157	0.114839413126883	0.444455772587745	0.114936602146194	1.35776027585509	2.13103851282741	0.506771097003631	0.371765512251083	0.478711216429734	0.174400874790386	0.573990961501217
G[C>A]A	0.148360374505319	0.236074774105466	0.281331259542562	2.14310583335373	13.5754496391876	7.23704511929455	0.531523205848887	0.0500728609956999	0.0880404580024789	0.134128248247509	0.360372213534703	0.118558083369964	0.668834392885744	0.324163044805458	0.381582312062791	0.124503707477355	0.186602024839614	0.219743770141974	0.337231840160038	0.164907694979031	0.444319532070396	0.748916377538191	0.223770591373504
G[C>A]C	0.249722617970106	0.134926457429749	0.117455358448165	91.8464078290184	156.684859021915	141.465343575746	0.121453851602588	0.0529067484113546	0.0668145181688872	0.140378584868395	0.164208582695863	0.147958931823872	0.15553938184906	0.277405234221652	0.186744506169575	0.120922643327356	0.138150324920049	0.125456801598224	0.208722032090561	0.193558241866451	0.194634476793833	0.455842354801599	0.123068308518852
G[C>A]G	1.68081397513458	0.136383164741156	0.0979340018017621	1.07815105099244	0.985012924736705	0.355596651384707	0.0588959872143292	0.502396977611898	0.0766637187468693	0.133519904438691	0.135172440325069	0.119641545336785	0.153699166947974	0.129518685441976	0.203747834395607	0.124511502521474	0.185487503524993	1.12781679904152	0.153141420325533	0.178241814833753	0.132830295074776	1.65857541973139	0.111281839101067
G[C>A]T	1.89621453116656	0.138358305993248	4.94213319045571	15.9475679753488	22.9211943506663	32.8053180672499	0.0711746205646902	1.60511673051122	0.206202454372006	0.149864556581421	0.296467060543364	0.171698842567272	0.129772047854512	0.225744681278747	0.761449551163393	0.111206853668074	0.242480114031069	0.881500151021648	2.0706090026457	0.151948633637632	0.316028091541503	0.142490582872902	0.36291507929735
G[C>G]A	0.690963681166594	0.140208373352524	0.111395672372922	2.47373203347236	2.11728285779289	4.1389757542881	0.312055952987042	0.391419779286614	0.0702209338760135	0.137906734686856	0.168292920576705	0.721882940925245	0.510114959691797	0.384221373530476	0.180557974101607	0.107318827703818	0.184560482480497	0.120439243197452	0.526491259100237	0.17461504542601	0.167428415214319	0.548916484057724	0.608854512215504
G[C>G]C	0.187724610327523	0.163346041313531	0.111072003285088	2.70280123743547	5.33943537079899	8.62792124069388	0.0759268683438623	0.049297219565077	0.0715039706566773	0.134110028588866	0.151948845590907	0.158956546568847	0.17122929851384	0.132691847564426	0.169520542004501	0.110497170576565	0.148530583975169	0.127537001039108	1.35255861116821	0.149087219233052	0.152684317679176	0.138963771687765	0.106472995006891
G[C>G]G	0.177068153007713	0.144037376817305	0.123275065561923	0.0454115909079647	0.039510462986213	0.35956922375038	0.0515354541561839	0.0503317583750213	0.0740647184586477	0.145360424560953	0.162542942220345	0.146974465668392	0.141042429231868	1.06255824227935	0.182164849954576	0.109717434210956	0.167811488726973	0.125363101750224	0.128758665309631	0.177894780319968	0.136467757313068	0.164301706913575	0.131612687030212
G[C>G]T	2.03988595802534	0.619430004855273	0.102301824316552	0.22924012370374	1.42508225928627	0.251969883017074	0.29578021141435	4.551763845692	0.0658074059175393	0.501263695093471	0.157062775976376	0.124471700926176	0.483901896408124	0.122366914092378	0.433702077046117	0.106533933825249	1.46327304522504	0.615743118541026	0.145623689940413	0.172439439648573	0.138624014948011	0.551872336546996	0.499457818519697
G[C>T]A	0.15881752473921	4.10150180795808	0.123031164463797	2.01895526212819	3.69925596838455	4.8806802736613	2.30835821571841	0.802797761085714	0.20246581190268	0.397172429406962	0.271575828549871	0.122542596862801	0.589411687835475	0.199321327891831	0.681353182351746	0.123837281090049	0.84084950539404	0.35123897072095	1.06681414843723	0.209232671593297	0.706923111075709	0.360522088943801	0.994467474822566
G[C>T]C	0.417268754631586	0.145302641509098	0.125431632153915	1.43218804342922	4.75715489052443	4.90559595999385	11.1928455748797	5.58131186157511	0.892083333069161	0.123351128134088	0.148979006416768	0.42327938432525	0.144667949359073	0.296392727490218	2.17701063631544	0.0978159766265276	0.552606774798183	0.4125202988389	0.371338287433432	0.17862014886959	0.789518073719792	0.17291436343005	0.0945066419482435
G[C>T]G	0.304080021852771	0.135185448786304	0.103167644628162	0.690662994597281	0.586330671030018	0.117046083740795	0.143875991636817	0.564349108594063	0.405537632437651	0.151360022742426	0.144694813518458	0.14169798251595	0.440689652949523	1.22583978635928	1.01904860842039	0.364586004581242	0.213465058420375	0.246373401473665	0.553325533845186	0.282346739420626	0.844049362869654	0.293111039874379	0.252771199747289
G[C>T]T	0.190275341145093	0.124501084120189	0.47623095382918	4.19741396401177	8.01994990393215	5.90276001832333	5.79854250531572	4.41397889509409	3.45436111478775	1.20513049249166	0.327949427392752	0.134502678935725	0.3206339177853	4.31406747617792	1.19375849809039	0.114292688521797	0.150581759110336	1.31147667325541	3.88325414392121	0.318321692424611	0.401846930668452	0.444099494534847	0.107792329967813
G[T>A]A	0.15910711267466	0.118220440512362	0.113320956895769	0.249135172609996	0.69475459192684	0.223356835182581	1.15885468440631	3.37909906932991	9.16859079278148	0.630304677062712	0.495460624429761	0.13020568316007	0.584430130032963	0.443859295597476	0.198379300662963	0.117926250791057	0.494904823325975	0.123373293272073	0.149096397724905	0.192764389512212	0.124771707725454	0.155070656036568	0.601737213185122
G[T>A]C	0.186595016245	0.133973873184126	0.663341969817262	12.4816287482108	17.7157745135311	6.08434063728266	0.328449569499899	1.09309367901471	0.36845097748903	0.125927604595119	0.158339113510611	0.140299557494448	0.514601428272142	1.48216872901279	0.191849014576599	0.731063890559855	0.203354215479942	0.125898524052732	0.144090824549149	0.168651262395078	0.493979733745947	0.486865148404782	0.106023582856114
G[T>A]G	0.186463887584138	0.11794725646229	0.140922436283162	0.0411576718872747	1.39878509547842	0.0362445710876866	2.02831116079701	3.31376958038862	1.33177193258461	0.624187087749217	0.503485767424757	0.107296003683419	0.150355807607569	0.114107678717986	1.30704873876162	0.102634245570533	0.15804060203623	0.536885769096283	0.136568670407596	0.163535748937281	0.137004386923261	0.168910895436026	0.0933323697311824
G[T>A]T	0.409714465197209	0.398417099359338	0.113657444694632	0.651783811138377	0.493551750131662	3.0126714994082	4.33947801998954	9.86817184932103	8.61893007912667	0.134538771858604	0.130825564855364	0.527757566076117	0.152985756457413	1.95513763788901	0.592776223466557	0.110927534243809	0.351120218610855	0.133710837974215	0.165818145564358	0.164202911383851	0.162157882688973	0.450970183277949	0.124480386096435
G[T>C]A	0.4133984111862	0.153990218763742	0.116563733708416	0.15503464386907	0.158218761426044	1.28743825064621	0.704856931579289	0.925048559731127	0.0660364623174117	0.130827016939415	0.147807288998689	0.125400327697469	0.929104958687802	0.124290896553724	0.649488355610083	0.13266412150703	0.172791994128479	0.451175792315667	0.337959906063266	0.142747075332687	0.141075758459897	0.177213266382632	0.113667821664511
G[T>C]C	0.374363465447507	0.351427479516676	0.104656227910523	2.91835516627313	0.390081744384221	0.0491653797098927	0.486470963334879	0.809042785162726	0.227131311769764	0.136420485271003	0.266617134487011	0.121930360202016	0.594837926491091	0.285987897591373	0.183607854508379	0.410416686931635	0.287063902469274	0.421948928684875	0.156707553276705	0.35042769166437	0.302670359520912	1.32293453977438	0.31434520463718
G[T>C]G	0.383900777612247	0.139620803307	0.484689275158921	0.038392794476266	0.0435000229374156	0.592487034506621	0.0668701280867125	1.9183309808628	0.0833496675135928	0.155667322497248	0.142127271244462	0.426708443543384	0.35312186779619	2.50101716736947	0.234198502372487	0.50813425039568	0.57339013236503	0.432654063261133	0.248588887291334	0.331721844684921	0.384954080938479	0.172561017763541	0.497705952931351
G[T>C]T	0.547956431297535	0.155198251090582	0.368797094161683	1.64150329471756	0.275976500253962	0.42687153052534	1.91037602694712	6.6643289314098	3.99552686675589	0.332407124006058	0.270752449380945	0.364914702709633	0.141863917928535	0.474648769524389	0.239470321120818	0.418715016106584	0.592401224020681	0.117651654545891	0.701627293857326	0.452717311384963	0.265198502084309	0.167693813743548	0.620960488277032
G[T>G]A	0.141665231288025	3.43592538106775	0.104365492793625	0.0384235581026905	0.0403922663847865	0.0352283355498592	0.0564351163304712	0.0451722679922023	1.68220508181187	0.137486413419557	0.127766979326152	0.145728995156463	0.176306600968624	1.12098372238939	0.184134333064676	0.111380335972007	0.180438585135502	0.134050849327298	0.14898324146589	0.151041455886106	1.24310602426545	0.155336022243103	0.112297638204839
G[T>G]C	0.144903310849591	0.142927237363567	0.107541312603531	0.0464392328671074	0.375591521396658	1.5646728823441	0.0662458297481349	0.0528962660607623	0.742033225764066	0.144869607204392	0.150666636054988	0.156665722771712	0.167109632032687	0.111258400630032	1.84458133298088	0.101498042725727	0.172347708601477	0.12719218025745	0.171866961466743	0.143472205273986	0.14731119162049	0.167767380324405	1.18693926053945
G[T>G]G	0.164361042435689	0.149487811499551	0.10401057376912	1.8224576359069	2.61017814148112	4.33393536099896	0.0615018770875599	0.0559533085017809	0.670167155030896	0.157009652106662	0.158209044930818	0.115012394035276	1.55964063436542	0.109435887339382	0.211942812568942	0.0870464729779351	0.181742270169187	1.10558456001419	0.141053271538243	0.172065113585653	1.28517580041789	0.165861110731747	0.109984210014624
G[T>G]T	0.180730648675269	0.13234176321969	0.130682205020564	0.0374719417069502	1.82242216543902	0.562755646721758	0.0626670483470375	0.271176429963832	0.292196589715065	0.140036780562582	0.426817785478352	0.121820064065916	0.476265374774893	0.307769917657391	0.199921418547302	0.587419206737643	0.330234576089971	0.112473118816458	0.291821902492771	0.288107173497492	0.161261041259065	0.428864751513575	0.110474510436574
T[C>A]A	0.207861674040152	0.364547568293813	0.114161985298276	2.36037478917582	2.49952257421173	5.74815167650348	0.789840259294811	0.0506993781609642	0.422055960408382	0.691554457245816	0.173677793714598	0.435362462701964	0.342887889706657	0.27318513371659	0.350569201778291	0.289514473047005	0.284278335670099	1.25104487922914	0.436571990476737	0.219733788881255	0.202199368818509	0.336674435714678	0.299215497111385
T[C>A]C	0.663910378944458	2.1542754259234	0.585161013555419	86.4590128638496	144.910280916462	164.615281885868	0.0674990917805417	1.16702622189226	0.388972639743269	0.177240738206933	0.442724031648347	0.144671619391351	0.442222039470948	0.403587250645732	3.16440547177756	0.122355937294818	0.489243758648071	0.125998738879406	1.40827173042606	0.19867655015271	3.70597920101344	0.14499578689176	0.12453612278059
T[C>A]G	0.151252016937014	0.159640319194761	0.115330873415557	0.0405098458361071	0.384261998778123	0.372908796760525	0.0590580449515114	0.0534830850549929	0.0650767597680736	0.171784870735988	0.134895575767912	1.32010310631533	1.6144727954043	0.137516763840593	0.186915520717343	0.117837266191811	0.134558009958768	0.124536999240046	0.128250805740454	0.161271903587817	0.13965890366975	0.15446253514265	0.108914737167786
T[C>A]T	0.207758633384865	0.976131413847233	0.258860188287355	25.3756169346643	30.8197924082012	53.3057263329274	1.63053210798724	0.75441350854291	0.235203564606597	0.330844125655117	0.286357967785373	0.885597517569807	0.234609394635072	0.268354230500687	0.462136313785516	0.1081114005776	0.215861899013961	0.356744644620948	0.227324093075469	0.254638302005848	0.278412902632309	0.242022132365801	0.426972734126724
T[C>G]A	0.150039607384837	0.156359640629029	0.111360352829718	0.149601626356938	2.67694599056439	1.32683363396527	0.0640422060376123	0.0520522466423959	0.240939783615079	0.149165575407919	0.154825445000888	0.442850699228829	0.139648027094638	0.308275872495896	0.173652826605915	0.102257790694355	0.291325034206452	3.352654081284	0.375367933551729	0.185317846109286	0.128493307355118	0.161849744928546	0.141929138085881
T[C>G]C	0.155608641612495	0.163784703398095	0.136195620583484	0.419895075821252	2.5229777454684	3.36300785528998	0.61862179993985	0.514488291815969	3.12060753233917	0.155419563378256	0.147899710242811	1.22669988893768	0.165475423967264	0.120636442531585	0.181942218845458	0.121625578153578	4.17268989555843	5.36375721899678	0.138231005947736	1.66910165999191	0.154190298012174	1.45552231113659	1.26134224746591
T[C>G]G	0.164707432478451	0.152776387801202	0.0945042360683273	0.432405844998363	0.370870605226411	0.880770737830735	0.0597680990006749	0.0533230417662984	0.0713892770059428	0.128610776596042	0.178750773425301	1.23446562913093	0.174945517827028	0.106965594565133	0.18911193477068	0.117085955128947	0.17077155457105	0.10061147357268	0.163767921087187	0.166051209000158	0.140143850807464	0.169641098152476	0.12870607837744
T[C>G]T	0.166928093071414	0.279833172734933	0.343091952393259	0.341289525211081	4.29685390458185	5.55673449574159	0.177745150412443	0.217981488084899	0.210139987511561	0.33971512565143	0.154065562873536	0.13231693218665	0.371124483853875	0.149241163779189	0.21086624112979	0.123196365553119	0.151678069244053	0.120398581820043	0.257881177200615	0.251092517872606	0.219443320533691	0.249882567081154	0.744234295940075
T[C>T]A	0.162600770787067	0.159055371015439	0.133543516862548	0.726866187402962	2.04353520624833	0.837071405876525	0.0709586933096869	3.49717298987158	0.161896077490501	0.151382293167886	0.265879388101547	0.907991433083408	0.186472810694349	0.14437987140833	0.243190461725892	0.338497511454461	0.193109968618789	0.264236962608254	0.15415261386451	0.209473056533855	0.383142660059976	0.124993735669682	0.135063668048605
T[C>T]C	0.42842762334918	0.13502233771528	1.46788499544228	1.29107744279413	14.7609753287287	4.96961015570278	1.63391291006435	5.6158775312196	3.36539154827014	3.16522753471852	0.366969892532899	0.112952672043245	0.419153207147229	0.326361905432935	0.391645168188542	0.117419191489701	0.279162820955869	0.116178922408552	0.145843904040152	0.159848370112108	0.140222498951651	0.976935041200933	0.363648949509924
T[C>T]G	0.276516520998039	0.408722662315421	0.105002270253382	0.228500214721624	0.0801017028028902	0.58283540985218	0.462023953478767	0.177996202166641	0.0667392864313385	0.159446053903784	0.526924022885103	0.310749007375585	0.164313970722383	0.16610661993094	0.303008322491531	0.0960972872627222	0.235693596693209	0.234999375999174	0.231119295312006	0.200712819693763	0.113340892807987	0.234723264752027	0.395229514852842
T[C>T]T	0.539884164802359	0.597840712159965	0.105355984674934	12.4778821694521	2.1795632615606	12.5392476655969	9.70322589140709	4.60702594898807	9.01974488655419	0.135272267178452	0.14544020772286	0.670145729927368	0.171742916799857	0.121228344171976	1.14744800490459	0.727941900420233	1.1643194360479	0.66167236607411	0.53540060918691	0.355109200324343	1.67227717700836	0.558600122467083	0.58602853464595
T[T>A]A	0.165964449627401	0.160444756128223	0.103426222676491	0.500541528591532	5.61470197397324	2.66553564375741	8.56173461901097	9.79302887967125	4.51719458986817	0.979306724424017	0.498571396967865	0.120716132099365	0.294081620455583	0.243386502735762	0.186437930619276	0.118461436240166	0.310766273534822	0.137122320286754	0.255867021234891	0.149142925987818	0.517355595199222	1.53686646325992	0.319776975864874
T[T>A]C	0.143701206339873	1.37790075385346	0.104354463521375	13.0480528126967	11.8341014576111	5.28585237688308	0.579948036524636	2.44421498807601	2.99202707868621	0.158928804307944	0.145704326235669	1.25224901379199	1.54469514342465	1.29278382089878	0.197119902118633	1.12783788191668	0.175957884341303	0.122577869515616	1.53931109337291	0.160901031755613	0.164601429788911	0.188852352999571	2.96099625944829
T[T>A]G	0.157203653416098	0.155964705196224	0.681999800835813	2.60163397441423	1.40411875229711	3.28483124104687	3.44871428330578	10.1636271952756	0.391169699257645	0.121055030599832	0.414285045625133	0.618649552240132	0.160850631389857	0.425552984491956	0.184752457334353	0.0988328302977301	0.180239362013192	0.103343737447987	0.133914012194529	0.1582242957974	0.152882517502007	0.168126142301715	0.126287379297638
T[T>A]T	0.458215791118337	0.153484655700405	0.128452014253197	4.25806316758453	0.476647331620809	2.07328647110784	29.7119558227349	17.8529155725844	16.7901777349953	1.25268786458353	0.132928708417029	0.141813146659937	0.150404698924653	0.280723029333036	0.660324043898359	0.104408844629994	0.171942416345094	0.40165444609596	0.283245131255117	0.160900175661909	0.112547784165755	0.474413047523232	0.130170567530736
T[T>C]A	0.649878217935351	0.480980297464433	0.126543909393245	0.0451345059711582	1.44088086760441	0.258187357517265	0.0600065899370782	1.16290797517855	0.386528194374656	0.152894670947404	0.153057120350845	0.789946797187551	0.173743735962262	0.145025477031614	0.177913517245192	0.125465317020797	0.439035927012306	1.88509757318933	0.167353252049439	0.362448131503635	1.77946355094969	0.623457782601645	0.127558122411107
T[T>C]C	0.149584544836851	0.142507752151315	0.130530105194473	0.232430240956077	5.09081881879663	0.229296313395995	0.265487534533638	0.0625611709165583	0.420829942440776	0.143938857874592	3.83411011371367	0.14124770809328	0.146906337436814	0.44690486870438	0.443237626812781	0.116115863545794	0.405712599059879	0.120382799544091	0.139234668638912	0.184682410848111	7.1780376153646	0.178032373332213	4.3529219216496
T[T>C]G	0.157235559241294	0.536765514290235	0.106775537575448	0.781336643224388	0.203605811118002	0.693710622985665	0.0583585408156805	2.13599973444456	0.435221528607107	0.145059012943096	0.136182136587423	0.733904582486346	0.196797331087959	0.127582135450927	0.199946339432338	0.777698629043787	0.413059325324912	4.08750420202161	0.159470854011934	0.181334556959844	0.13237182192003	0.166551774206479	0.110224894464946
T[T>C]T	0.267583554505274	0.181620215378372	0.118504448397484	0.284870452793939	0.0851095365140096	2.37052419297597	1.63417711479079	4.89237340557754	1.06350597659308	1.07712647437011	0.265091248147339	0.347855973302772	2.30279619716595	0.168157018839588	0.345932675013006	0.113053349965285	0.287019529844424	0.115674587571717	0.573415547050597	0.494904277473738	0.16278769151961	0.169567296539244	0.103716698702208
T[T>G]A	0.635561640255017	0.119850988475042	0.126926035696299	0.0392141329327908	1.38905689448444	0.046865521832995	2.22010690623649	0.0558240051973829	0.404882972882631	0.132735084727512	0.147443084976252	0.13095858264524	0.52774144656804	0.498575782262311	3.0509813908752	0.685608444762496	0.188628982168447	0.574078071387903	0.143545934293867	0.384793358504867	0.528682687217442	1.92920176155836	0.136930440303818
T[T>G]C	1.39303014419277	0.135489704222992	0.118394029157944	0.0480951347119628	0.0437548813839	0.391845159777715	0.558354086043617	1.34110057412158	1.74494282642902	0.13054054425187	1.38831195748916	0.126580380298037	0.14192540448808	0.130037715170097	0.190315011586527	0.113460082465767	0.177361569786646	5.36627687933745	1.3274821410802	0.167451625846557	0.138307648101861	0.172551001089385	0.158676489498639
T[T>G]G	0.168801218159942	0.140747006075543	0.102569306948599	2.69565003205859	2.50110301815029	3.2338540831373	0.0719554329639169	0.544926512954529	0.0821508007093679	0.14979603598349	0.136849405799794	1.24576987557849	1.60409529716717	1.15681286092481	0.226465531537613	0.110924685668796	0.16827156240964	1.16981150983429	0.13051488650524	1.51816925310671	0.140973086753915	1.56102735853634	0.145911569675097
T[T>G]T	1.22709745574142	0.442482694152936	1.48337767429076	2.25304841899901	0.147019671840556	0.191579691948356	1.66559760466636	2.0202138658973	2.03981842652548	0.451878065586112	0.133504237338781	0.445062409301013	0.338652972890157	0.332636985311255	0.343790081408953	0.118839373099484	0.689692033278192	0.495893997934518	0.307867646778485	0.264678660584751	0.888156183631189	0.398246205018662	0.123367194936351
